# Vectary OBJ Export units=mm
mtllib deight.mtl
o 000_deight
g deight
usemtl Box material 1_571ce58c-d45f-43d4-a9de-c65f26a58ab6
v -0.327 -0.000 0.000
v 0.147 0.002 -0.283
v 0.147 0.002 0.283
v -0.193 0.454 -0.283
v -0.193 0.454 0.283
v 0.281 0.456 -0.000
vt 0.12500 0.00000
vt 0.25000 0.50000
vt 0.00000 0.50000
vt 0.37500 0.00000
vt 0.50000 0.50000
vt 0.62500 0.00000
vt 0.75000 0.50000
vt 0.87500 0.00000
vt 1.00000 0.50000
vt 0.12500 1.00000
vt 0.37500 1.00000
vt 0.62500 1.00000
vt 0.87500 1.00000
vn -0.79961 -0.60052 0.00000
vn 0.42463 -0.56541 -0.70711
vn 0.42463 -0.56541 0.70711
vn -0.79961 -0.60052 0.00000
vn -0.42463 0.56541 -0.70711
vn 0.42463 -0.56541 -0.70711
vn -0.79961 -0.60052 0.00000
vn -0.42463 0.56541 0.70711
vn -0.42463 0.56541 -0.70711
vn -0.79961 -0.60052 0.00000
vn 0.42463 -0.56541 0.70711
vn -0.42463 0.56541 0.70711
vn 0.42463 -0.56541 0.70711
vn 0.42463 -0.56541 -0.70711
vn 0.79961 0.60052 -0.00000
vn 0.42463 -0.56541 -0.70711
vn -0.42463 0.56541 -0.70711
vn 0.79961 0.60052 -0.00000
vn -0.42463 0.56541 -0.70711
vn -0.42463 0.56541 0.70711
vn 0.79961 0.60052 -0.00000
vn -0.42463 0.56541 0.70711
vn 0.42463 -0.56541 0.70711
vn 0.79961 0.60052 -0.00000
f 1/1/1 2/2/2 3/3/3 
f 1/4/4 4/5/5 2/2/6 
f 1/6/7 5/7/8 4/5/9 
f 1/8/10 3/9/11 5/7/12 
f 3/3/13 2/2/14 6/10/15 
f 2/2/16 4/5/17 6/11/18 
f 4/5/19 5/7/20 6/12/21 
f 5/7/22 3/9/23 6/13/24 
